0.897900
0.895700
0.899100
0.895800
0.895500
0.897000
0.896000
0.897400
0.897300
0.896000
0.899600
0.891600
0.897200
0.895800
0.897300
0.893500
0.898200
0.896500
0.894500
0.902500
0.897100
0.897000
0.898400
0.895500
0.893300
0.898100
0.895300
0.892200
0.896200
0.897700
0.896500
0.897300
0.895700
0.894000
0.894400
0.898000
0.897100
0.893400
0.896000
0.897600
0.896700
0.896600
0.894400
0.899400
0.896700
0.898000
0.896000
0.899300
0.895400
0.897600
0.898000
0.895100
0.896900
0.896500
0.894000
0.895700
0.898100
0.897200
0.897500
0.897200
0.895100
0.894400
0.898100
0.894000
0.897500
0.895400
0.896100
0.896200
0.896000
0.894200
0.898400
0.895200
0.894400
0.897000
0.894700
0.899000
0.896600
0.898400
0.896500
0.895500
0.898900
0.898400
0.895800
0.895600
0.897000
0.894600
0.901400
0.898000
0.899500
0.898200
0.895100
0.895400
0.894700
0.894400
0.895700
0.896300
0.897200
0.900000
0.894600
0.895000
