0.8840683597419711
0.9025082415356674
0.9108714551664893
0.8993698146567487
0.8949326857151056
0.905835554147122
0.8976721458098276
0.9079543658842691
0.9047393863250738
0.8996455474263094
0.9031987005436783
0.9065320901202529
0.9070610220778111
0.9028013030985667
0.8868227633546918
0.9074454371477947
0.9023651120060342
0.8985384480283107
0.9029699489732003
0.8871793595153478
0.9016378813043627
0.8947445819145646
0.9070517315229896
0.8962074614922289
0.8932509634312824
0.8892423240166125
0.895488583482255
0.902112824887217
0.9087386377793716
0.9077717365724203
0.9005799111010584
0.9067757229311234
0.8909761732712935
0.9101638164974486
0.8987735754879815
0.904229751628834
0.9020680509465698
0.9000828363424549
0.9028968445352069
0.8935224922824914
0.8991353920348715
0.90169884319017
0.8967086653133108
0.8872539791724591
0.8926508771230081
0.8951697513510124
0.8911070815942173
0.9065860637424276
0.8894533578328335
0.9042499887417379
0.8894223043352866
0.9088725380326146
0.8872291697478308
0.9042602454551173
0.9071184226284781
0.897032025464524
0.9003894398912256
0.900538934001596
0.893412011065439
0.8989186779187562
0.9055081466736512
0.8926626676613961
0.8977411669390047
0.8896497959434795
0.8908772718865887
0.9005442540749198
0.9068029611364645
0.8911902135000954
0.9042449725858285
0.9079519503013784
0.9079986024233005
0.8880912227589871
0.9014619053966274
0.894828263953254
0.8789295831709268
0.8995287779741113
0.897106564628925
0.885713815784093
0.9050908899397792
0.9025277423328565
0.8976675686475472
0.8989685637547619
0.9085274032771065
0.8903597741163781
0.907336163008507
0.9046830713056214
0.8968638424365224
0.8866832240269356
0.8978195383446017
0.9013609417761153
0.8996693692656779
0.9085552755105245
0.9116183081534078
0.8956729681323878
0.9118016889005357
0.8902175520035489
0.8986586397456056
0.9031603211484186
0.8886072364528496
0.9057308099667183
