0.9024684436534358
0.8918368027505179
0.8922791842615462
0.8932198952523959
0.8948418069248856
0.8935113369096825
0.9035879064734341
0.901129330162322
0.9004115851632779
0.9044133918484575
0.901691774678812
0.8916686918826342
0.9056767782996014
0.909538739055652
0.9010674021305566
0.9064236027112544
0.9169442215046539
0.9003432897539233
0.8979185715494372
0.9036051836395675
0.8982177749766062
0.9051111234629782
0.912011021026056
0.8866283850665251
0.912633098360335
0.8779536197951812
0.897283826970884
0.896987513785673
0.8954976447748484
0.8960818479609904
0.8975777534743606
0.9125169101371697
0.9093055937161254
0.8937089388561456
0.9159215096625576
0.8789721950870186
0.907092314193309
0.9063024487652996
0.8960742702698395
0.8985970960087017
0.8977991458415817
0.8943865615995212
0.8951966028921318
0.9018233147352637
0.9122747763936401
0.9142629838981544
0.900728661853473
0.91441647444305
0.8983709133827429
0.8938757070018486
0.8977959061624293
0.9138628585730276
0.8941403313475632
0.903384199429173
0.8971503105446383
0.8935366630581542
0.9038778795105032
0.9093262804006065
0.9059149281070658
0.9021066538303738
0.9061921880603009
0.9072841425960372
0.9074793433053414
0.8976030032353394
0.9022484455811131
0.8920248789433742
0.8995665023908322
0.9016385742773314
0.9028887983427214
0.9013700183556199
0.9005299285293359
0.9000829062036587
0.9008641251561277
0.8800988546640841
0.9047256884532443
0.9119719895522663
0.8999862055746374
0.8931080679978339
0.8965809150694888
0.8968190448330817
0.9179208400109213
0.8998072007038324
0.9041301408335038
0.9018080856072299
0.9069854696977986
0.8892265147480612
0.9099852867134881
0.9019209695987476
0.8851634449672088
0.8957211736051686
0.915235049049466
0.8979143011659365
0.9059860065952254
0.8898688780630081
0.9055841021673712
0.9137903711070736
0.8857678374447856
0.8877378007773405
0.9064819239002125
0.9113036957166333
0.898141151531191
0.8953355122870219
0.8910069839220068
0.889787799316851
0.9105084363989334
0.9052447988775941
0.8873610002287086
0.8969508373886648
0.8993606748989191
0.9099390512561343
0.9053232699167199
0.9033490638813111
0.8968556293791063
0.9019409965822174
0.9041978747446513
0.8981339347946647
0.9086930278419146
0.8936634854146458
0.9006682258957494
0.9007911458249438
0.9033166427134286
0.9053635033869015
0.8904557320749965
0.9069802203695131
0.8936449565278121
0.8930952503822376
0.8982249926457645
0.9055871391984508
0.8865547133921861
0.9034182960671169
0.8825186015519266
0.9003005314070562
0.8931897287800541
0.9001509395338992
0.9066226242518286
0.907254548019212
0.8886359014714033
0.8954524070021368
0.893992578078751
0.9097196220178222
0.9029676577476909
0.8952869865876334
0.9040726136903511
0.913146034117561
0.8879475730807411
0.8981159844983859
0.9020207599843834
0.9010624920720074
0.908922162914995
0.9164682141151652
0.8907353629599281
0.9026476643619565
0.8986536724014906
0.8981168818987649
0.9050304501451786
0.9104913542689524
0.9038358156113147
0.9137771373715574
0.8867403451579818
0.9044480497779991
0.901440280940084
0.8969050913722587
0.897149665907506
0.9007963691746252
0.9043257088679049
0.8928942622354558
0.9020620545358102
0.8934418424009742
0.9012876466497362
0.9029884958296235
0.892230880604522
0.8999660831351999
0.9083858903111143
0.9061836241429951
0.9065596625705733
0.8958003970505433
0.8909888165275218
0.9079753522995893
0.902233676162591
0.8832492717022209
0.897848559767239
0.9076337327586124
0.9113267868961629
0.8903691622868394
0.90936039626415
0.8937662303215886
0.9045559312710764
0.8955105488418645
0.9000118476584058
0.8987536942421339
0.9031545799464878
0.910405156736129
0.9105755758641391
0.9059041875304794
0.8865780116904959
0.9075307590796742
0.9062068636993844
0.8914622148703834
0.899143485309683
0.8941078281687165
0.8974678598482184
0.8717693370314246
0.8993784739690213
0.9009443108736115
0.8983453267826699
0.8908101342307471
0.8861314410696167
0.8951987271556963
0.8973103750735907
0.8952553167009674
0.9067176826593533
0.8960558196026612
0.9141290937333266
0.9107193219831297
0.9025295108521127
0.9006522598518456
0.9055656221658949
0.8934121295154521
0.911950347559047
0.8807224936534571
0.9013653145995529
0.8902336795150122
0.9085814520579257
0.8948718553530391
0.9070662350903964
0.9058897088628298
0.8940354900563057
0.9025828090287137
0.9101345373099514
0.9030650934304448
0.9065233648998775
0.9067058238675277
0.8810413383799442
0.8930382768852616
0.9037136490608928
0.9061266923257075
0.8923069100427015
0.9033479643463228
0.8945433759651332
0.9017471717601463
0.9030679353243949
0.8973651699219026
0.8937114556384256
0.8959697081293211
0.9000148173536908
0.8960196086368967
0.9062125437193157
0.8874807629526307
0.9047942831015917
0.9087844272721574
0.9176775500330611
0.9089017816518462
0.8935939162717998
0.8831751227770303
0.9041267591300719
0.9073898200832436
0.9013191849608696
0.8958845723266738
0.912659720723515
0.8898643802135547
0.8974040814787095
0.8853554231816677
0.9053900010617345
0.905433609673011
0.9016949123259237
0.8920791988463577
0.8962675349649739
0.8969509918046177
0.8922283612613418
0.8998742615061036
0.8868095126478153
0.895389027026307
0.885258054548088
0.8935970177257088
0.9179819907637944
0.8943200784444727
0.9165267364720237
0.9064983586139219
0.9130260380297223
0.8909263331705165
0.894057927535908
0.8887109811257394
0.9002855417929947
0.9084587950609252
0.9072625418508926
0.9061113654989581
0.8954200490156841
0.8973401330965908
0.8909325030947082
0.8899814789680222
0.8984855486058808
0.9019196649189859
0.8999941924604187
0.9085085290525055
0.8839516046945323
0.9061200454312711
0.8997853319476252
0.889909264761767
0.8952997760763691
0.8948170291980074
0.9045834810408226
0.8912673190412242
0.9020750903774615
0.9101992454162408
0.8997983589780086
0.8906783829127837
0.8985859709547614
0.9044510683757498
0.8916902839090306
0.9075891056061295
0.8909249177332628
0.8980416817526199
0.8966859406374681
0.9087900558954143
0.9063868601560854
0.901519481586654
0.9197035595472758
0.8989808995967965
0.9089401263897161
0.8989842001418984
0.903748870197144
0.8945032705612407
0.9034902456832313
0.8974164329822172
0.9080823429193102
0.900189164856048
0.895571474487975
0.8854235465804287
0.9063213506570774
0.8914349845149417
0.9029705261609806
0.9059471702344586
0.89452032905125
0.8834022478416015
0.913876246519724
0.8998004410301875
0.8997419533072315
0.9153073691104286
0.8938760579837045
0.8995398835342046
0.8945490283276133
0.8901653683349927
0.8831247989568269
0.8922685964408986
0.9054625891257445
0.8899202258599405
0.8959131293290455
0.8941883659336467
0.9103737571891312
0.9008908030434544
0.8841576986123036
0.8949042522535285
0.924496624166469
0.9014511787417243
0.9039547804467164
0.9063370708421642
0.8971999155101241
0.9054732982595923
0.8908404933090729
0.9014735677558887
0.8901385916553307
0.9046061276316408
0.8920116327556216
0.9017187053006831
0.8902155519551437
0.8894387309490662
0.9050439290612367
0.898392067616587
0.8897738369589221
0.8866301684122787
0.9008309136318248
0.8950779739401666
0.9054497983181793
0.8920327224991741
0.8896378535943685
0.8968428476939474
0.9058941516755722
0.891918566902207
0.8909936979580351
0.8969836153229842
0.9009509746404498
0.8975966363604071
0.8882723150079533
0.8955960677164813
0.9019534906961352
0.9058583406073094
0.9025170849634911
0.8992505920534117
0.8889055040610127
0.8989993205189573
0.91054328048641
0.8901252205080035
0.8950383489247576
0.8978355045069584
0.9000842658459147
0.8860852885494146
0.894555492590351
0.8978856270984928
0.9077526539771908
0.8999268945723174
0.8988373893883419
0.8963578724668332
0.9067004551487586
0.8957389464514406
0.897505286983599
0.8962241351431398
0.8974212407925304
0.8906907617543083
0.909673480239047
0.8961549961732274
0.9004798240138969
0.9180177427792857
0.9013930576621741
0.8950325455525793
0.9003622981978534
0.8993226007203521
0.8979586758540514
0.9054299536909524
0.9001372755917374
0.9111022057559579
0.8988504184963633
0.9119963122792303
0.9095433028594863
0.9003395573799288
0.8988987455330388
0.904513752636923
0.9081901378883221
0.8966438508499456
0.9075973876111465
0.9024336988552384
0.8982018643602835
0.9008588753105753
0.8948508014215995
0.9084599183258205
0.9030111175765629
0.903282210749373
0.9038351050220366
0.9098923945893774
0.9017795146781852
0.8900523100800506
0.9057509963287177
0.9007357840821931
0.9014094367784294
0.901733457030663
0.9026328582559346
0.9217581075283394
0.9018212184726274
0.9036670907284685
0.8971121973151026
0.8918911006655402
0.8892217254497385
0.8994950778035486
0.8822351024050108
0.9010547947029903
0.9122544968633707
0.9008727466801298
0.8929386074368617
0.8995034509972284
0.9104828989945128
0.896768204152741
0.8964116277644603
0.900575987197583
0.8995605192137948
0.8966203859775282
0.8993339857373813
0.8885510737309394
0.9018268931724348
0.9024984786327537
0.8965496415504277
0.8820153973281313
0.9011182144224198
0.8988981838556954
0.9103722268246649
0.8926687574015573
0.8914399025806085
0.8941145215467668
0.9069816937837126
0.8907076962621809
0.9090192720436379
0.8981672032035444
0.9002117863861704
0.8919895310524463
0.9013252671520477
0.9100912829775405
0.8904833102040648
0.8991131106957218
0.9035885862785319
0.8958382331001943
0.9042760004585945
0.8998306122466755
0.9041571872482671
0.8979095291685093
0.8868848805380756
0.9034721077954349
0.9017990476494752
0.9049702629499742
0.9007725562575813
0.9086783888549657
0.892778160574427
0.905609946089518
0.9056577038825112
0.8881689926202044
0.907001889732494
0.8854978085436509
0.8959451096925437
0.8991280712680934
0.9027673778809507
0.9054058057298663
0.9041109327046833
0.9055322064866561
0.8907873784800798
0.8910172504558584
0.9045372123889364
0.9024419814994151
0.8988737399669072
0.8995934852496781
0.8978267769495563
0.896688845141317
0.8914036585797985
0.8940405779714353
0.8913867477119388
0.9224418826529038
0.9114903738544106
0.9007425357905722
0.9012256002740516
0.8862654473698687
0.9037366983506155
0.9064630362291706
0.8960167004389921
0.8983137941179331
0.9095346110348346
0.9056554635775819
0.9065374897869133
0.8979059233776422
0.9069145124500014
0.9117130446055244
0.8939187850644118
0.9032024590070457
0.8896073953311925
0.8873212905452519
0.8862591627262617
0.8942977317377427
0.9027044990200251
0.9078052707869281
0.8896885662728042
0.9059188203782608
0.9127581940739675
0.8918487543618993
0.9013049404744872
0.8940934618237968
0.8932631463286104
0.8949424715487587
0.8812061982469642
0.8946985179770376
0.8985545709969298
0.9013180754647899
0.8997668031936158
0.8879332081499902
0.9143267824550225
0.9112988638300422
0.9129390281834034
0.8957368484368106
0.9111687642485405
0.9080124934071543
0.8914361778252153
0.9051347946719833
0.896220308169607
0.9084782751607616
0.9049099738277513
0.9010393507868617
0.893729666075461
0.9109127808260882
0.8969676856027153
0.8964508591912415
0.8882264789270481
0.8907745621559212
0.9050520916381766
0.9066921681163204
0.908950697916007
0.9006195014344925
0.892535726414099
0.8973701673521484
0.9050473005400539
0.9035499284082151
0.9061773142984194
0.9050582275459115
0.9046020197302143
0.9075037694086071
0.9089891433206438
0.898921145523652
0.8879346614320238
0.9025488681290521
0.8906796022953464
0.9131720372678441
0.9054873030250138
0.9056940086004288
0.9038534725487288
0.8999311044567627
0.8986260388239499
0.8974945724343684
0.8924562397940085
0.9064668586528932
0.8922338590571942
0.893241806489824
0.8979216671714779
0.8995574257629
0.902676099020403
0.8983834457906646
0.9187335836850076
0.9067446921008554
0.8789437432029152
0.9075851573486744
0.8893393166177342
0.8933702038878182
0.9015199688848355
0.901734457719131
0.900692664444709
0.9174482832452329
0.8887902143993142
0.897562714231718
0.9042542052925414
0.8881837656415348
0.9031221822463882
0.9025086679088677
0.9034891864384039
0.891293385219973
0.8953822999866846
0.8937597192640689
0.8938811377738992
0.887281424047316
0.8915882776508187
0.9141297207026914
0.88843347721014
0.9086347005716409
0.8985042532271883
0.9020064218916274
0.8976345064524882
0.8927056708295298
0.9098318756051493
0.9025664516367905
0.913031579650591
0.8955681971262743
0.894853964138988
0.8951345278946556
0.8976573654458598
0.8990168952289197
0.9013309887490508
0.9001619806477573
0.9057067421529628
0.8931270744226476
0.8973023776588942
0.903468849392888
0.8966761145808697
0.9033280604651891
0.884792253696373
0.9021745921793143
0.900325523319918
0.897274561605971
0.8888886058639683
0.896639703520467
0.8987959386571669
0.8964705259480437
0.9146487256094391
0.8916665327434418
0.9033440395247075
0.9029551742520106
0.8875014025412111
0.8994126562820233
0.9013510985812152
0.8894074646391861
0.9002652978312006
0.9029534673861231
0.8966729360382344
0.8944168963364311
0.8766268882220498
0.9009650210025459
0.9065750711929684
0.894222674479722
0.9067812584525716
0.8980364265532073
0.892637617756443
0.9044186053843578
0.8963009057402894
0.8910575884614645
0.8932637563938753
0.9007683158862266
0.9141436454575915
0.8949201157225276
0.904362608112651
0.8908086275881653
0.8976171706187257
0.9009939671435645
0.8948142344842505
0.8915448754977598
0.9097561723580267
0.900985898223053
0.8839276554237002
0.8967163091656599
0.898740963952344
0.9047694055878861
0.8990799487463349
0.8925194742619978
0.9124176593991834
0.890286388907205
0.8816769834043828
0.9049375327057331
0.9029672770428687
0.9024308468658073
0.8997612115893682
0.9012945312480187
0.9084248818033841
0.9003177159383515
0.9071140164443705
0.9133680162164334
0.8910522935393017
0.897496953615064
0.9036617116706859
0.8891250949414758
0.8892098010928015
0.8998730039666978
0.9001061501259555
0.8887191445711242
0.9033153939743925
0.9034872846922473
0.894303637868345
0.9123163392633692
0.8843579958503878
0.9058353010753297
0.8984092923170708
0.899977344590211
0.893331033672215
0.9056977427753983
0.9142665855841737
0.9026280127230684
0.900768614448533
0.9084628122374717
0.8912282956777886
0.8990960937873711
0.9098162660418799
0.9135530843459188
0.8945308998355166
0.8795607903348087
0.902212699829243
0.8912982714404564
0.9011747695830395
0.9083161036225119
0.9084635553256295
0.9001694816140453
0.9038636863367371
0.8815487805489044
0.9005538962985731
0.8826083904314908
0.8925530304650873
0.8997264709271394
0.8951972503562511
0.8965070999723589
0.8999625131450726
0.8979484364187579
0.9115205067345319
0.9141558168113262
0.8995145100985444
0.9048721987784398
0.9023699346811009
0.9069277977888498
0.9029604342507755
0.9066576441122028
0.8964718735844389
0.8965529055843552
0.9077028346035473
0.9030764827858341
0.8997691796579146
0.9000717454647519
0.8992919613705492
0.8963176085284925
0.9086494826947619
0.8964335429048389
0.9069414330653429
0.897722384383644
0.8981154713675912
0.8954608710509061
0.8951611499164652
0.9036973981999049
0.8986978253792318
0.9065410792499972
0.9093771758637347
0.8918884195745878
0.9109889303974106
0.9111061313200908
0.9010953066022058
0.9053621177896362
0.9036183204087873
0.8947353837118361
0.9129631073382216
0.9049535611079369
0.8858986102622889
0.8965262162539757
0.8989411283432627
0.8922853125321669
0.9037722398199551
0.8994848931201632
0.9024606097077912
0.8917845306566663
0.9085135019467927
0.9005813568804001
0.8907262410218102
0.9105055153485254
0.9081051860171543
0.8922775366965336
0.9018546020887469
0.8984841787775977
0.8899905290694777
0.9092574544347377
0.8992148470766134
0.8907391446289397
0.8952585102974466
0.902713217215785
0.9004552897796056
0.9087102100227341
0.9044305752059371
0.9018565355710834
0.9069122952817881
0.8862956172013282
0.9021300821941891
0.9042486373871574
0.9212202599831857
0.9002969899051001
0.8970549982670002
0.9061330672943455
0.9066671593593894
0.8859092930119765
0.9080664100325109
0.9065846705030429
0.8965919574286392
0.8808980023935261
0.8978099699354611
0.907618119902203
0.8969035041278347
0.8989309766578837
0.9015192486727925
0.8933079122430911
0.8908315850175691
0.900320750577117
0.8852995084565526
0.9129814404651917
0.8928093757574507
0.8924854358546738
0.9013298047384756
0.9045636215848698
0.9050821338670568
0.8966276811653138
0.9089338242182673
0.902757624388086
0.9003833608067427
0.9146474995610996
0.9044368822703056
0.8999293507396843
0.8906761901898913
0.9041018921001878
0.8978466934340738
0.9020082004539642
0.8897964870660675
0.8988784897334927
0.8961757409686988
0.8924492330990912
0.8851164186545678
0.9063987444818539
0.885361036495116
0.9100919174658115
0.906378399112855
0.905538465503156
0.9025013341033836
0.9007709600611645
0.8894400983416008
0.914496645149387
0.902850314162583
0.8906143938284078
0.8974108673200576
0.8949533922605567
0.8906525004576176
0.9001034839566032
0.9034465640412971
0.9038220814018824
0.8969167046398638
0.913224228481645
0.9136856559724267
0.8928729523160345
0.8993738525938628
0.9074047996384997
0.9043404189259241
0.9002152891777163
0.910491854776375
0.8894317767141889
0.9022888730356274
0.8915504489400589
0.8874447297017696
0.8960195965384679
0.91861471216251
0.8948365190098627
0.8894439230458471
0.8985069726878621
0.9028114420463352
0.9089020528360678
0.8980233535408441
0.9021664067955434
0.9201794853506696
0.898724401482185
0.896343075925969
0.893042787026366
0.8873152667860686
0.9015004257336663
0.9054488373765739
0.8985844645539195
0.8883899496805004
0.9075862422746019
0.910373783410656
0.9081040676478186
0.9056788176020362
0.8924616138679575
0.8949880705923025
0.8904295120918004
0.9088944596825652
0.9035202646668807
0.8965544505474186
0.9065450527134057
0.9017605454824628
0.9111698348491413
0.8951454314980968
0.904655600802974
0.8905631032080076
0.893655623828392
0.9042429817289508
0.9065962384363055
0.9071275729722353
0.8998522019209362
0.8992901423653271
0.9019656167858389
0.8913450521122368
0.8966476574869295
0.8870942559020288
0.8989139693505646
0.8962678385555518
0.8902192091740551
0.9014132183473385
0.8993821116451907
0.8878471920775359
0.8972854878659425
0.8888910116200469
0.9053252935590443
0.8871319983807452
0.8961346729630018
0.9015541586132089
0.9089709099036893
0.9023708745078517
0.9006496185809157
0.9001115606596893
0.8983676703954716
0.9053918634039569
0.8984947487076812
0.8986613915075485
0.888765299056626
0.8970327560217595
0.8873246845390826
0.9028262458683839
0.9015313065557853
0.9065083346508362
0.9105691933661524
0.9032739905231054
0.8917471102029741
0.9054332697152834
0.9087911115984533
0.8906406476559121
0.902301255295834
0.9038828078982208
0.9059189518958835
0.8989950510768071
0.8860224367994951
0.9108361939878464
0.8933595005302063
0.8963837015349843
0.9091264159538887
0.9109705138844887
0.9049962450295516
0.900576368317666
0.9133216534261837
0.9107456226564735
0.901816892995317
0.9006265817903333
0.9083514295754807
0.8987078179144421
0.8993925580136758
0.9121868455051799
0.9078837133681783
0.8982049845200256
0.8989511244056513
0.9026656493278389
0.8977821278938432
0.8895061231210932
0.8949277966250766
0.8963942082967118
0.8942532129445147
