0.8972048644501623
0.8973632127917496
0.9057479965368213
0.8945113590035658
0.8935561385264091
0.9052036858438013
0.8883996052236384
0.9009620872447622
0.8888470745956766
0.8957034194914483
0.9080773422885001
0.9010424519394507
0.8940141597094372
0.9051393378280015
0.8947717864830153
0.8997355888008021
0.8841280188358909
0.9016480400775543
0.9014500052744737
0.8987835589854187
0.9057617278754425
0.9045237734928905
0.9022448739236931
0.9141194739717717
0.8974233673116887
0.8975555502795658
0.9126824421549096
0.8918421499257427
0.8945537166913752
0.8873265304375048
0.9020945108991782
0.8953396707121901
0.8981479751416968
0.91254896049918
0.8944543452387652
0.8898527391393664
0.908019736687209
0.8814624045161222
0.9080449004180766
0.8950318750521745
0.8886643661766565
0.8962881208225585
0.8980103414037747
0.8935162672710952
0.893645984121808
0.9068974655885476
0.897162190358277
0.8913032832340786
0.8990046990416188
0.8929934575156125
0.8994717719292287
0.8990096422175997
0.9170673376712976
0.8893654736597686
0.8915098170176254
0.8961243537791614
0.8936425407763853
0.8962292936099023
0.9036704304161249
0.8941032540132177
0.9032608955442682
0.8972376397560021
0.9003531610187221
0.9025670709686427
0.8917408695601612
0.9075593987129987
0.8964330633625188
0.9021818681389813
0.8937417732715458
0.9105435223459396
0.9054982746473562
0.9134094191548806
0.8967745757515793
0.8953226477816677
0.8939808599215399
0.8984346115277603
0.9039980443506601
0.8823135114619062
0.894440287762188
0.9095629894867915
0.8875477099951102
0.8920717644468658
0.897319013725943
0.9030224944470266
0.9019352712507572
0.8967841348110076
0.8881810754927987
0.9040146846459786
0.8974153849929217
0.9039277715262719
0.8987455256195246
0.9126145166211843
0.9010691435809194
0.903298110620208
0.8926415066068192
0.9036149294326334
0.9089713275336131
0.8987538372395469
0.9208236243915526
0.9081984613202773