2.257537118179756
1.736742294561264
2.122923259542567
2.2880215967600277
1.731192246688824
1.635274733649485
1.8089298329927201
2.1436127395569207
1.8770822798192386
2.2200680398335444
1.778312735214986
1.8316184997578362
2.219632100702122
2.28046086704782
1.7142091562000226
2.7883915080822357
2.248456906195364
2.3226134884321192
1.7407272662382127
1.9172099019503253
2.1785395372964427
2.8814035713330393
2.3719887344668265
2.3212284947003745
2.023577043901299
1.921303451135062
3.854272427325047
2.213004281857006
1.6609144627157244
3.242888120133792
2.2695367719580486
1.4719877259308531
2.236381380893424
1.5402451563308126
2.758387722655913
2.0336566921714865
3.4129046281172988
2.625151186470572
1.8505461737154874
1.9274049420159767
2.1078222155061486
2.483652474058216
1.7735321484968347
1.981354409992772
1.9890157945528661
1.965137047732668
2.242901279380527
1.4677430826432962
1.2318996504511588
2.417968521276131
1.980374837809739
1.5402825680865293
2.2523059878559835
2.2248810736444984
1.4286371550236368
2.0753005449927517
2.0059990885939145
1.5408250866850532
1.863546074806754
2.3751030820262042
1.8040669290445117
1.6213495680396215
1.7868218246962666
2.3256479846700846
1.5371122164955757
3.2514671553227803
1.9517466339250578
1.4383547947403237
2.1187057064847075
2.5640585219102
2.9680959400310334
2.593804926651619
1.6711357130692248
3.3257366400077513
1.763004800090842
1.8345943810488934
1.694845557773227
3.5345016375045564
1.5419190043081579
1.8938108416008537
1.9677171699126559
1.541257174549727
2.373977126891338
2.1513470702334367
2.289160484208608
1.2351834453108594
1.8006610501736722
1.761183439899734
1.4663296451426078
2.603300240367273
1.8191331358113858
2.1941150867516117
2.9650194737427236
2.4407365231988365
2.2551147152712825
2.343288214875079
3.456851574508988
1.7601152809324416
1.2915432663300948
2.63227529704419
