30.948013
28.948160
40.308895
20.289388
9.167055
16.605443
20.721136
29.205806
38.962031
43.851354
26.748427
28.201050
21.280074
27.152467
13.132271
35.872066
48.432638
25.785382
44.142003
29.807774
16.083023
28.077108
23.115742
38.445949
27.894482
17.352675
27.876988
29.658696
18.361657
32.573859
33.706768
22.911512
15.060935
50.997954
31.939340
36.181743
44.933159
27.143594
31.488293
18.701138
39.212341
32.462597
71.933285
18.924525
39.345118
21.983162
34.657579
43.454190
25.129996
39.504839
17.769476
32.722206
33.380112
22.611190
56.290436
15.998332
24.353539
20.332280
29.481547
35.682440
23.336209
30.118990
24.065341
49.988010
29.584440
14.563680
31.652190
19.566124
19.092817
18.761200
31.925219
35.305400
21.459989
19.069561
33.276481
43.140044
26.380151
24.420311
32.096358
40.226763
34.630168
26.095997
25.857137
24.557598
49.983892
30.691320
31.903228
46.126599
17.620193
22.270350
21.341068
26.621090
25.146061
31.062885
18.399613
30.313469
21.616009
30.999197
27.956758
25.413371
